  5.0000000e+000  8.0000000e+000  1.3000000e+001  2.0000000e+001  2.9000000e+001  4.0000000e+001  5.3000000e+001  6.8000000e+001
  8.0000000e+000  1.1000000e+001  1.6000000e+001  2.3000000e+001  3.2000000e+001  4.3000000e+001  5.6000000e+001  7.1000000e+001
  1.3000000e+001  1.6000000e+001  2.1000000e+001  2.8000000e+001  3.7000000e+001  4.8000000e+001  6.1000000e+001  7.6000000e+001
  2.0000000e+001  2.3000000e+001  2.8000000e+001  3.5000000e+001  4.4000000e+001  5.5000000e+001  6.8000000e+001  8.3000000e+001
  2.9000000e+001  3.2000000e+001  3.7000000e+001  4.4000000e+001  5.3000000e+001  6.4000000e+001  7.7000000e+001  9.2000000e+001
  4.0000000e+001  4.3000000e+001  4.8000000e+001  5.5000000e+001  6.4000000e+001  7.5000000e+001  8.8000000e+001  1.0300000e+002
  5.3000000e+001  5.6000000e+001  6.1000000e+001  6.8000000e+001  7.7000000e+001  8.8000000e+001  1.0100000e+002  1.1600000e+002
  6.8000000e+001  7.1000000e+001  7.6000000e+001  8.3000000e+001  9.2000000e+001  1.0300000e+002  1.1600000e+002  1.3100000e+002
